,身高,坐高,胸围,手臂长,肋围,腰围
身高,1,0.79,0.36,0.76,0.25,0.51
坐高,0.79,1,0.31,0.55,0.17,0.35
胸围,0.36,0.31,1,0.35,0.64,0.58
手臂长,0.76,0.55,0.35,1,0.16,0.38
肋围,0.25,0.17,0.64,0.16,1,0.63
腰围,0.51,0.35,0.58,0.38,0.63,1
